0.06927155307210231,0.010076401761524757,-0.002742800569601703,0.011048523843987535,0.012059660979272028,0.006513317086719799,-0.000672708822222482,-0.006491737972631133,0.013184277852731864,-0.012330311390430055,0.019995099985745095,0.021491566880597432,0.0011158053627272296,-0.01327884457000377,-0.008086005730405897,0.014565026862979119,-0.0018442926333882088,-0.005251236220111098,0.009057344125822807,0.03189956626100314,0.010076401761524757,0.07545935700936987,0.0029576317159928094,0.014695068273520797,0.015291797660675881,-0.005334415631894868,-0.02185909582038963,-0.004477317468502612,0.008898208632089665,0.006303912379986619,-0.01191774530469262,0.000663733883777022,-0.00015453120204238325,-0.03326224567239667,-0.011786269933793187,-0.0032870575219834663,-0.0034893432724372453,-0.006991508929132876,0.0016163406059985642,0.007478481154742326,-0.002742800569601703,0.0029576317159928094,0.09124709027467273,-0.003482556312827065,0.01796619862040614,0.012259189586514303,-0.005527816220735293,0.013777772659944716,-0.011763916627736366,0.0017790834027017854,-0.018690285202169882,2.768587193156761e-5,0.015169788503193206,0.013280886626024157,0.014196781286589006,-0.01737386767985758,0.0065939443932061526,0.0013615790930072435,0.011196519807821888,-0.022508940118954462,0.011048523843987535,0.014695068273520797,-0.003482556312827065,0.0782278527660615,0.01758558927553961,-0.00444816585543431,0.004670960042114739,-0.004455832884006275,0.01758088097846266,-0.007752845940845741,0.0012874564376335752,0.009512481844335894,0.001717188260321882,-0.04489663778589509,-0.013809793761581104,-0.006367763211268402,0.0001770684819858008,-0.008599179080401063,0.0058220970309665965,0.019059300040209042,0.012059660979272028,0.015291797660675881,0.01796619862040614,0.01758558927553961,0.10333153300129826,-0.004677592140087527,-0.02683601623781921,0.021239880694101335,0.008108822786877454,-0.0012641493424689826,-0.012661972830073044,0.014909223632761781,0.025711672602284706,-0.02962540845980667,0.0072810977463147976,-0.02566210227723495,0.0017958621590328757,-0.009136933955898607,-0.016554819469240697,0.00754950115073794,0.006513317086719799,-0.005334415631894868,0.012259189586514303,-0.00444816585543431,-0.004677592140087527,0.04491256095049979,0.01160692541413794,-0.0006100657453575608,0.00632309346841497,0.0060390807192606645,-0.008499902646475781,-0.0015401566452045428,-0.005863781778984238,-0.009074035539331176,-0.0015356903528419951,0.011181140164367843,-0.005102553540688147,0.00950835374279435,0.012634518533948333,-0.007802783416988213,-0.000672708822222482,-0.02185909582038963,-0.005527816220735293,0.004670960042114739,-0.02683601623781921,0.01160692541413794,0.09622791922795589,0.0027234677003850918,0.004629371800289299,0.006514258145362028,0.010035754094444531,-0.010263678850809591,-0.01920400233962116,0.03336472275125254,0.010239885311243646,0.02317538482041344,0.008958639088058508,0.007700413631156052,0.017462668374194912,-0.0074100420759398615,-0.006491737972631133,-0.004477317468502612,0.013777772659944716,-0.004455832884006275,0.021239880694101335,-0.0006100657453575608,0.0027234677003850918,0.09173364590878165,-0.019410170549102244,0.011732779942629881,-0.004908757625646141,-0.004497592909851034,0.02615622820473156,0.017568110055538776,0.03427181838781417,-0.02130851100122726,0.013967801483470016,-0.003038975728980107,-0.010797170832038695,-0.019976940179956566,0.013184277852731864,0.008898208632089665,-0.011763916627736366,0.01758088097846266,0.008108822786877454,0.00632309346841497,0.004629371800289299,-0.019410170549102244,0.08285634868682347,-0.006348027806493765,0.015884660083481647,0.0076340313181748574,-0.006464747145851412,-0.01848126895151162,-0.023752381285482304,0.014772101282649792,-0.010703097718755536,-0.0017379589105998507,0.0029214181613673746,0.024087159524658203,-0.012330311390430055,0.006303912379986619,0.0017790834027017854,-0.007752845940845741,-0.0012641493424689826,0.0060390807192606645,0.006514258145362028,0.011732779942629881,-0.006348027806493765,0.07073701391241993,-0.00746213455049613,-0.009131928529199928,0.010191758294499918,0.025275679130706646,0.025162150862402966,-0.004490572447014302,0.01213217335589962,-0.0019187226517692877,0.005784567381665341,-0.019126757884317946,0.019995099985745095,-0.01191774530469262,-0.018690285202169882,0.0012874564376335752,-0.012661972830073044,-0.008499902646475781,0.010035754094444531,-0.004908757625646141,0.015884660083481647,-0.00746213455049613,0.07494407641886902,0.017147832982542577,-0.008210505200881256,-0.007266461391741392,-0.014952436954046489,0.029742029553124872,-0.014338130159112871,-0.0006638915327255038,-0.0112993997570637,0.029853733947395125,0.021491566880597432,0.000663733883777022,2.768587193156761e-5,0.009512481844335894,0.014909223632761781,-0.0015401566452045428,-0.010263678850809591,-0.004497592909851034,0.0076340313181748574,-0.009131928529199928,0.017147832982542577,0.07274065540914498,0.008438198168474225,-0.018962603303493388,-0.01751762844620001,0.011173192579731933,-0.01169193597010742,0.002393947804270865,-0.015826180037186617,0.028292740151183368,0.0011158053627272296,-0.00015453120204238325,0.015169788503193206,0.001717188260321882,0.025711672602284706,-0.005863781778984238,-0.01920400233962116,0.02615622820473156,-0.006464747145851412,0.010191758294499918,-0.008210505200881256,0.008438198168474225,0.10250963585516171,-0.0077783834776641685,0.029836125002420007,-0.03765205611115201,0.00846985284814691,-0.0025167375538583292,-0.006003610551865676,-0.003216762280285418,-0.01327884457000377,-0.03326224567239667,0.013280886626024157,-0.04489663778589509,-0.02962540845980667,-0.009074035539331176,0.03336472275125254,0.017568110055538776,-0.01848126895151162,0.025275679130706646,-0.007266461391741392,-0.018962603303493388,-0.0077783834776641685,0.12669232562694432,0.03571168245501712,0.005500510990098639,0.01122996158741548,0.0208308659548292,0.008641159451880447,-0.05200872875133447,-0.008086005730405897,-0.011786269933793187,0.014196781286589006,-0.013809793761581104,0.0072810977463147976,-0.0015356903528419951,0.010239885311243646,0.03427181838781417,-0.023752381285482304,0.025162150862402966,-0.014952436954046489,-0.01751762844620001,0.029836125002420007,0.03571168245501712,0.09898949490088671,-0.027607563516060585,0.02460589470217761,0.0021300400931242806,0.0051912918968345855,-0.03341257931271412,0.014565026862979119,-0.0032870575219834663,-0.01737386767985758,-0.006367763211268402,-0.02566210227723495,0.011181140164367843,0.02317538482041344,-0.02130851100122726,0.014772101282649792,-0.004490572447014302,0.029742029553124872,0.011173192579731933,-0.03765205611115201,0.005500510990098639,-0.027607563516060585,0.13848008036209802,-0.025472145111172184,0.012146721289791176,0.008719687201257745,0.03742017089859024,-0.0018442926333882088,-0.0034893432724372453,0.0065939443932061526,0.0001770684819858008,0.0017958621590328757,-0.005102553540688147,0.008958639088058508,0.013967801483470016,-0.010703097718755536,0.01213217335589962,-0.014338130159112871,-0.01169193597010742,0.00846985284814691,0.01122996158741548,0.02460589470217761,-0.025472145111172184,0.07592142562366049,0.0008781127918242788,0.01572741595850527,-0.027040895962114907,-0.005251236220111098,-0.006991508929132876,0.0013615790930072435,-0.008599179080401063,-0.009136933955898607,0.00950835374279435,0.007700413631156052,-0.003038975728980107,-0.0017379589105998507,-0.0019187226517692877,-0.0006638915327255038,0.002393947804270865,-0.0025167375538583292,0.0208308659548292,0.0021300400931242806,0.012146721289791176,0.0008781127918242788,0.06146585768475229,0.018704594881753703,-0.002947206165925223,0.009057344125822807,0.0016163406059985642,0.011196519807821888,0.0058220970309665965,-0.016554819469240697,0.012634518533948333,0.017462668374194912,-0.010797170832038695,0.0029214181613673746,0.005784567381665341,-0.0112993997570637,-0.015826180037186617,-0.006003610551865676,0.008641159451880447,0.0051912918968345855,0.008719687201257745,0.01572741595850527,0.018704594881753703,0.09193029260721941,-0.01387483966203034,0.03189956626100314,0.007478481154742326,-0.022508940118954462,0.019059300040209042,0.00754950115073794,-0.007802783416988213,-0.0074100420759398615,-0.019976940179956566,0.024087159524658203,-0.019126757884317946,0.029853733947395125,0.028292740151183368,-0.003216762280285418,-0.05200872875133447,-0.03341257931271412,0.03742017089859024,-0.027040895962114907,-0.002947206165925223,-0.01387483966203034,0.11769710058049383
